0.00	1.00	
0.16	2.00	
0.23	3.00	
0.24	4.00	
0.30	5.00	
0.31	6.00	
0.32	7.00	
0.32	8.00	
0.37	9.00	
0.38	10.00	
0.39	11.00	
0.39	12.00	
0.40	13.00	
0.41	14.00	
0.42	15.00	
0.43	16.00	
0.46	17.00	
0.46	18.00	
0.49	19.00	
0.49	20.00	
0.49	20.05	
0.49	20.10	
0.49	20.15	
0.50	20.20	
0.51	20.25	
0.52	20.30	
0.52	20.35	
0.53	20.40	
0.54	20.45	
0.55	20.49	
0.56	20.54	
0.56	20.59	
0.57	20.64	
0.58	20.69	
0.59	20.74	
0.60	20.79	
0.61	20.83	
0.62	20.88	
0.62	20.93	
0.63	20.98	
0.64	21.02	
0.65	21.07	
0.66	21.12	
0.66	21.17	
0.67	21.21	
0.68	21.26	
0.69	21.31	
0.70	21.36	
0.71	21.40	
0.71	21.45	
0.72	21.50	
0.73	21.54	
0.74	21.59	
0.75	21.64	
0.76	21.68	
0.76	21.73	
0.78	21.77	
0.78	21.82	
0.79	21.86	
0.80	21.91	
0.81	21.96	
0.81	22.00	
0.82	22.05	
0.83	22.09	
0.84	22.14	
0.85	22.18	
0.86	22.23	
0.86	22.27	
0.87	22.32	
0.88	22.36	
0.89	22.41	
0.91	22.45	
0.91	22.50	
0.91	22.54	
0.92	22.59	
0.93	22.63	
0.95	22.67	
0.95	22.72	
0.96	22.76	
0.96	22.81	
0.97	22.85	
0.98	22.89	
0.99	22.94	
1.00	22.98	
1.00	23.02	
1.01	23.07	
1.03	23.11	
1.03	23.16	
1.04	23.20	
1.05	23.24	
1.05	23.28	
1.06	23.33	
1.07	23.37	
1.08	23.41	
1.09	23.45	
1.10	23.50	
1.10	23.54	
1.11	23.58	
1.12	23.63	
1.13	23.67	
1.14	23.71	
1.15	23.75	
1.15	23.79	
1.16	23.84	
1.17	23.88	
1.18	23.92	
1.21	23.96	
1.21	24.00	
1.21	24.05	
1.22	24.09	
1.22	24.13	
1.23	24.17	
1.24	24.21	
1.25	24.25	
1.25	24.29	
1.26	24.34	
1.29	24.38	
1.29	24.42	
1.29	24.46	
1.30	24.50	
1.30	24.54	
1.33	24.58	
1.33	24.62	
1.33	24.66	
1.34	24.70	
1.35	24.74	
1.35	24.78	
1.36	24.82	
1.37	24.86	
1.38	24.90	
1.39	24.94	
1.41	24.98	
1.41	25.02	
1.41	25.06	
1.42	25.10	
1.43	25.14	
1.44	25.18	
1.45	25.22	
1.45	25.26	
1.46	25.30	
1.47	25.34	
1.49	25.38	
1.49	25.42	
1.50	25.46	
1.50	25.50	
1.51	25.54	
1.54	25.58	
1.54	25.62	
1.55	25.66	
1.55	25.70	
1.55	25.73	
1.56	25.77	
1.57	25.81	
1.58	25.85	
1.59	25.89	
1.60	25.93	
1.63	25.97	
1.63	26.00	
1.63	26.04	
1.63	26.08	
1.64	26.12	
1.65	26.16	
1.65	26.20	
1.66	26.23	
1.67	26.27	
1.68	26.31	
1.69	26.35	
1.70	26.39	
1.70	26.43	
1.71	26.46	
1.72	26.50	
1.81	26.54	
1.81	26.58	
1.81	26.61	
1.81	26.65	
1.81	26.69	
1.81	26.73	
1.81	26.76	
1.81	26.80	
1.81	26.84	
1.81	26.88	
1.83	26.91	
1.83	26.95	
1.83	26.99	
1.84	27.02	
1.85	27.06	
1.85	27.10	
1.86	27.14	
1.87	27.17	
1.88	27.21	
1.89	27.25	
1.93	27.28	
1.93	27.32	
1.93	27.36	
1.93	27.39	
1.93	27.43	
1.94	27.46	
1.94	27.50	
1.95	27.54	
1.96	27.57	
1.97	27.61	
1.98	27.65	
1.99	27.68	
1.99	27.72	
2.00	27.75	
2.01	27.79	
2.03	27.83	
2.04	27.86	
2.04	27.90	
2.04	27.93	
2.05	27.97	
2.06	28.01	
2.07	28.04	
2.08	28.08	
2.09	28.11	
2.09	28.15	
2.10	28.18	
2.11	28.22	
2.12	28.25	
2.13	28.29	
2.14	28.33	
2.14	28.36	
2.16	28.40	
2.16	28.43	
2.17	28.47	
2.18	28.50	
2.19	28.54	
2.19	28.57	
2.20	28.61	
2.21	28.64	
2.22	28.68	
2.23	28.71	
2.24	28.75	
2.24	28.78	
2.25	28.82	
2.26	28.85	
2.27	28.89	
2.28	28.92	
2.29	28.95	
2.29	28.99	
2.30	29.02	
2.31	29.06	
2.33	29.09	
2.33	29.13	
2.34	29.16	
2.34	29.20	
2.36	29.23	
2.36	29.26	
2.37	29.30	
2.38	29.33	
2.39	29.37	
2.39	29.40	
2.40	29.43	
2.41	29.47	
2.42	29.50	
2.43	29.54	
2.44	29.57	
2.44	29.60	
2.45	29.64	
2.46	29.67	
2.47	29.70	
2.48	29.74	
2.49	29.77	
2.49	29.81	
2.50	29.84	
2.51	29.87	
2.52	29.91	
2.53	29.94	
2.54	29.97	
2.54	30.01	
2.55	30.04	
2.56	30.07	
2.57	30.11	
2.58	30.14	
2.59	30.17	
2.59	30.21	
2.62	30.24	
2.62	30.27	
2.62	30.30	
2.63	30.34	
2.64	30.37	
2.66	30.40	
2.66	30.44	
2.66	30.47	
2.67	30.50	
2.68	30.54	
2.69	30.57	
2.70	30.60	
2.70	30.63	
2.71	30.67	
2.72	30.70	
2.73	30.73	
2.74	30.76	
2.74	30.80	
2.75	30.83	
2.76	30.86	
2.77	30.89	
2.78	30.93	
2.79	30.96	
2.79	30.99	
2.80	31.02	
2.81	31.05	
2.83	31.09	
2.83	31.12	
2.84	31.15	
2.84	31.18	
2.85	31.22	
2.87	31.25	
2.87	31.28	
2.88	31.31	
2.89	31.34	
2.89	31.38	
2.90	31.41	
2.91	31.44	
2.92	31.47	
2.93	31.50	
2.94	31.54	
2.94	31.57	
2.95	31.60	
2.96	31.63	
2.97	31.66	
2.98	31.69	
2.99	31.73	
2.99	31.76	
3.00	31.79	
3.01	31.82	
3.02	31.85	
3.03	31.88	
3.03	31.91	
3.04	31.95	
3.05	31.98	
3.06	32.01	
3.07	32.04	
3.08	32.07	
3.08	32.10	
3.09	32.13	
3.10	32.16	
3.11	32.19	
3.12	32.23	
3.13	32.26	
3.14	32.29	
3.14	32.32	
3.15	32.35	
3.16	32.38	
3.17	32.41	
3.18	32.44	
3.19	32.47	
3.19	32.50	
3.20	32.53	
3.21	32.56	
3.22	32.60	
3.25	32.63	
3.25	32.66	
3.25	32.69	
3.25	32.72	
3.26	32.75	
3.27	32.78	
3.28	32.81	
3.28	32.84	
3.29	32.87	
3.30	32.90	
3.31	32.93	
3.33	32.96	
3.33	32.99	
3.33	33.02	
3.34	33.05	
3.35	33.08	
3.37	33.11	
3.37	33.14	
3.38	33.17	
3.38	33.20	
3.39	33.23	
3.41	33.26	
3.41	33.29	
3.42	33.32	
3.43	33.35	
3.43	33.38	
3.45	33.41	
3.45	33.44	
3.46	33.47	
3.47	33.50	
3.48	33.53	
3.51	33.56	
3.51	33.59	
3.51	33.62	
3.51	33.65	
3.52	33.68	
3.53	33.71	
3.53	33.74	
3.54	33.77	
3.55	33.80	
3.59	33.83	
3.59	33.86	
3.59	33.89	
3.59	33.92	
3.59	33.95	
3.60	33.98	
3.61	34.01	
3.62	34.04	
3.63	34.07	
3.63	34.10	
3.64	34.12	
3.65	34.16	
3.66	34.18	
3.67	34.21	
3.68	34.24	
3.68	34.27	
3.70	34.30	
3.70	34.33	
3.71	34.36	
3.72	34.39	
3.73	34.42	
3.73	34.45	
3.74	34.48	
3.75	34.50	
3.76	34.53	
3.77	34.56	
3.78	34.59	
3.78	34.62	
3.79	34.65	
3.80	34.68	
3.81	34.71	
3.82	34.73	
3.83	34.76	
3.83	34.79	
3.84	34.82	
3.85	34.85	
3.87	34.88	
3.87	34.91	
3.88	34.94	
3.88	34.97	
3.89	34.99	
3.90	35.02	
3.91	35.05	
3.92	35.08	
3.93	35.11	
3.94	35.14	
3.94	35.16	
3.95	35.19	
3.96	35.22	
3.97	35.25	
3.98	35.28	
3.99	35.31	
3.99	35.34	
4.00	35.36	
4.01	35.39	
4.03	35.42	
4.04	35.45	
4.04	35.48	
4.04	35.51	
4.05	35.53	
4.06	35.56	
4.08	35.59	
4.08	35.62	
4.09	35.65	
4.09	35.67	
4.10	35.70	
4.11	35.73	
4.12	35.76	
4.12	35.78	
4.13	35.81	
4.14	35.84	
4.15	35.87	
4.16	35.90	
4.17	35.92	
4.17	35.95	
4.18	35.98	
4.20	36.01	
4.20	36.04	
4.21	36.06	
4.22	36.09	
4.23	36.12	
4.24	36.15	
4.24	36.17	
4.25	36.20	
4.26	36.23	
4.27	36.26	
4.28	36.28	
4.28	36.31	
4.29	36.34	
4.30	36.37	
4.31	36.40	
4.32	36.42	
4.32	36.45	
4.33	36.48	
4.34	36.51	
4.35	36.53	
4.36	36.56	
4.37	36.59	
4.37	36.61	
4.38	36.64	
4.39	36.67	
4.40	36.70	
4.41	36.72	
4.42	36.75	
4.42	36.78	
4.43	36.80	
4.45	36.83	
4.45	36.86	
4.46	36.89	
4.47	36.91	
4.47	36.94	
4.49	36.97	
4.49	36.99	
4.50	37.02	
4.51	37.05	
4.52	37.08	
4.53	37.10	
4.53	37.13	
4.54	37.16	
4.55	37.18	
4.56	37.21	
4.57	37.24	
4.57	37.26	
4.58	37.29	
4.59	37.32	
4.61	37.34	
4.61	37.37	
4.62	37.40	
4.62	37.42	
4.63	37.45	
4.64	37.48	
4.65	37.51	
4.66	37.53	
4.67	37.56	
4.67	37.59	
4.68	37.61	
4.69	37.64	
4.70	37.66	
4.71	37.69	
4.72	37.72	
4.72	37.74	
4.73	37.77	
4.74	37.80	
4.75	37.82	
4.76	37.85	
4.78	37.88	
4.78	37.90	
4.79	37.93	
4.79	37.96	
4.80	37.98	
4.81	38.01	
4.82	38.03	
4.82	38.06	
4.83	38.09	
4.84	38.11	
4.85	38.14	
4.86	38.17	
4.87	38.19	
4.87	38.22	
4.88	38.24	
4.90	38.27	
4.90	38.30	
4.91	38.32	
4.92	38.35	
4.92	38.38	
4.94	38.40	
4.94	38.43	
4.95	38.45	
4.96	38.48	
4.96	38.51	
4.97	38.53	
4.98	38.56	
4.99	38.58	
5.00	38.61	
5.01	38.63	
5.02	38.66	
5.02	38.69	
5.03	38.71	
5.04	38.74	
5.05	38.76	
5.07	38.79	
5.07	38.82	
5.07	38.84	
5.08	38.87	
5.09	38.89	
5.12	38.92	
5.12	38.94	
5.12	38.97	
5.12	39.00	
5.13	39.02	
5.15	39.05	
5.15	39.07	
5.16	39.10	
5.17	39.12	
5.17	39.15	
5.18	39.17	
5.19	39.20	
5.20	39.23	
5.21	39.25	
5.21	39.28	
5.24	39.30	
5.24	39.33	
5.24	39.35	
5.25	39.38	
5.26	39.40	
5.28	39.43	
5.28	39.45	
5.28	39.48	
5.29	39.51	
5.30	39.53	
5.33	39.56	
5.33	39.58	
5.33	39.61	
5.33	39.63	
5.34	39.66	
5.37	39.68	
5.37	39.71	
5.37	39.73	
5.37	39.76	
5.38	39.78	
5.40	39.81	
5.40	39.83	
5.41	39.86	
5.42	39.88	
5.42	39.91	
5.44	39.93	
5.44	39.96	
5.45	39.98	
5.46	40.01	
5.46	40.03	
5.47	40.06	
5.48	40.08	
5.49	40.11	
5.50	40.13	
5.51	40.16	
5.53	40.18	
5.53	40.21	
5.54	40.23	
5.54	40.26	
5.55	40.28	
5.56	40.31	
5.56	40.33	
5.57	40.36	
5.58	40.38	
5.59	40.41	
5.60	40.43	
5.61	40.46	
5.61	40.48	
5.62	40.51	
5.63	40.53	
5.64	40.55	
5.65	40.58	
5.66	40.60	
5.66	40.63	
5.67	40.65	
5.68	40.68	
5.69	40.70	
5.70	40.73	
5.71	40.75	
5.71	40.78	
5.74	40.80	
5.74	40.83	
5.74	40.85	
5.75	40.87	
5.76	40.90	
5.76	40.92	
5.77	40.95	
5.78	40.97	
5.79	41.00	
5.80	41.02	
5.81	41.05	
5.82	41.07	
5.82	41.09	
5.83	41.12	
5.84	41.14	
5.87	41.17	
5.87	41.19	
5.87	41.22	
5.87	41.24	
5.88	41.26	
5.89	41.29	
5.90	41.31	
5.91	41.34	
5.91	41.36	
5.92	41.38	
5.93	41.41	
5.94	41.43	
5.95	41.46	
5.96	41.48	
5.96	41.51	
5.97	41.53	
5.98	41.55	
5.99	41.58	
6.00	41.60	
6.00	41.63	
6.02	41.65	
6.02	41.67	
6.03	41.70	
6.04	41.72	
6.05	41.75	
6.05	41.77	
6.06	41.79	
6.07	41.82	
6.08	41.84	
6.09	41.87	
6.10	41.89	
6.10	41.91	
6.11	41.94	
6.12	41.96	
6.13	41.98	
6.14	42.01	
6.15	42.03	
6.15	42.06	
6.16	42.08	
6.17	42.10	
6.19	42.13	
6.19	42.15	
6.20	42.17	
6.21	42.20	
6.21	42.22	
6.24	42.25	
6.24	42.27	
6.24	42.29	
6.25	42.32	
6.25	42.34	
6.29	42.37	
6.29	42.39	
6.29	42.41	
6.29	42.44	
6.30	42.46	
6.30	42.48	
6.31	42.51	
6.32	42.53	
6.33	42.55	
6.34	42.58	
6.36	42.60	
6.37	42.62	
6.37	42.65	
6.37	42.67	
6.38	42.69	
6.39	42.72	
6.40	42.74	
6.40	42.76	
6.41	42.79	
6.42	42.81	
6.43	42.83	
6.44	42.86	
6.45	42.88	
6.45	42.90	
6.46	42.93	
6.48	42.95	
6.48	42.97	
6.49	43.00	
6.50	43.02	
6.50	43.04	
6.51	43.07	
6.52	43.09	
6.53	43.11	
6.54	43.14	
6.55	43.16	
6.56	43.18	
6.56	43.21	
6.57	43.23	
6.58	43.25	
6.59	43.28	
6.60	43.30	
6.60	43.32	
6.61	43.34	
6.62	43.37	
6.63	43.39	
6.64	43.41	
6.65	43.44	
6.65	43.46	
6.66	43.48	
6.67	43.51	
6.68	43.53	
6.69	43.55	
6.70	43.58	
6.70	43.60	
6.71	43.62	
6.72	43.64	
6.73	43.67	
6.74	43.69	
6.75	43.71	
6.75	43.73	
6.76	43.76	
6.77	43.78	
6.78	43.80	
6.79	43.83	
6.80	43.85	
6.80	43.87	
6.81	43.90	
6.82	43.92	
6.83	43.94	
6.84	43.96	
6.86	43.99	
6.86	44.01	
6.86	44.03	
6.87	44.05	
6.88	44.08	
6.90	44.10	
6.90	44.12	
6.90	44.15	
6.91	44.17	
6.92	44.19	
6.93	44.21	
6.94	44.24	
6.95	44.26	
6.95	44.28	
6.96	44.30	
6.99	44.33	
6.99	44.35	
6.99	44.37	
7.00	44.39	
7.00	44.42	
7.01	44.44	
7.02	44.46	
7.03	44.48	
7.04	44.51	
7.04	44.53	
7.06	44.55	
7.06	44.57	
7.07	44.60	
7.08	44.62	
7.09	44.64	
7.09	44.66	
7.10	44.69	
7.11	44.71	
7.12	44.73	
7.13	44.75	
7.14	44.77	
7.14	44.80	
7.15	44.82	
7.16	44.84	
7.17	44.86	
7.18	44.89	
7.19	44.91	
7.19	44.93	
7.20	44.95	
7.21	44.98	
7.22	45.00	
7.23	45.02	
7.24	45.04	
7.25	45.06	
7.25	45.09	
7.26	45.11	
7.27	45.13	
7.28	45.15	
7.29	45.17	
7.29	45.20	
7.33	45.22	
7.33	45.24	
7.33	45.26	
7.33	45.29	
7.34	45.31	
7.34	45.33	
7.35	45.35	
7.36	45.37	
7.37	45.40	
7.38	45.42	
7.40	45.44	
7.40	45.46	
7.40	45.48	
7.41	45.51	
7.42	45.53	
7.45	45.55	
7.45	45.57	
7.45	45.59	
7.45	45.62	
7.46	45.64	
7.47	45.66	
7.48	45.68	
7.49	45.70	
7.49	45.73	
7.50	45.75	
7.53	45.77	
7.53	45.79	
7.53	45.81	
7.54	45.84	
7.54	45.86	
7.59	45.88	
7.59	45.90	
7.59	45.92	
7.59	45.94	
7.69	45.97	
7.69	45.99	
7.69	46.01	
7.69	46.03	
7.69	46.05	
7.69	46.07	
7.69	46.10	
7.69	46.12	
7.70	46.14	
7.70	46.16	
7.70	46.18	
7.70	46.20	
7.70	46.23	
7.70	46.25	
7.71	46.27	
7.71	46.29	
7.72	46.31	
7.73	46.33	
7.74	46.36	
7.74	46.38	
7.76	46.40	
7.77	46.42	
7.78	46.44	
7.79	46.46	
7.80	46.48	
7.80	46.51	
7.81	46.53	
7.82	46.55	
7.83	46.57	
7.84	46.59	
7.85	46.61	
7.85	46.63	
7.86	46.66	
7.87	46.68	
7.88	46.70	
7.89	46.72	
7.90	46.74	
7.90	46.76	
7.91	46.78	
7.92	46.81	
7.93	46.83	
7.94	46.85	
7.95	46.87	
7.95	46.89	
7.96	46.91	
7.97	46.94	
7.98	46.96	
7.99	46.98	
8.00	47.00	
8.00	47.02	
8.01	47.04	
8.02	47.06	
8.03	47.08	
8.04	47.10	
8.05	47.13	
8.05	47.15	
8.06	47.17	
8.07	47.19	
8.08	47.21	
8.09	47.23	
8.10	47.25	
8.10	47.27	
8.11	47.30	
8.12	47.32	
8.13	47.34	
8.14	47.36	
8.14	47.38	
8.15	47.40	
8.16	47.42	
8.17	47.44	
8.18	47.46	
8.19	47.48	
8.19	47.51	
8.20	47.53	
8.21	47.55	
8.22	47.57	
8.23	47.59	
8.24	47.61	
8.24	47.63	
8.25	47.65	
8.26	47.67	
8.27	47.70	
8.28	47.72	
8.29	47.74	
8.29	47.76	
8.30	47.78	
8.31	47.80	
8.32	47.82	
8.33	47.84	
8.34	47.86	
8.34	47.88	
8.35	47.91	
8.36	47.93	
8.37	47.95	
8.38	47.97	
8.39	47.99	
8.39	48.01	
8.40	48.03	
8.41	48.05	
8.42	48.07	
8.43	48.09	
8.44	48.11	
8.44	48.13	
8.45	48.16	
8.46	48.18	
8.47	48.20	
8.48	48.22	
8.49	48.24	
8.49	48.26	
8.50	48.28	
8.51	48.30	
8.52	48.32	
8.53	48.34	
8.54	48.36	
8.54	48.38	
8.55	48.40	
8.56	48.42	
8.57	48.45	
8.58	48.47	
8.59	48.49	
8.59	48.51	
8.60	48.53	
8.61	48.55	
8.62	48.57	
8.63	48.59	
8.64	48.61	
8.64	48.63	
8.65	48.65	
8.66	48.67	
8.67	48.69	
8.68	48.71	
8.69	48.73	
8.69	48.75	
8.70	48.77	
8.71	48.79	
8.72	48.81	
8.73	48.84	
8.74	48.86	
8.74	48.88	
8.75	48.90	
8.76	48.92	
8.77	48.94	
8.78	48.96	
8.79	48.98	
8.79	49.00	
8.80	49.02	
8.81	49.04	
8.82	49.06	
8.83	49.08	
8.84	49.10	
8.84	49.12	
8.85	49.14	
8.86	49.16	
8.87	49.18	
8.88	49.20	
8.89	49.22	
8.89	49.24	
8.90	49.26	
8.91	49.28	
8.92	49.30	
8.93	49.32	
8.94	49.34	
8.94	49.37	
8.95	49.38	
8.96	49.41	
8.97	49.43	
8.98	49.45	
8.99	49.47	
8.99	49.49	
9.00	49.51	
9.01	49.53	
9.02	49.55	
9.03	49.57	
9.04	49.59	
9.04	49.61	
9.05	49.63	
9.06	49.65	
9.07	49.67	
9.08	49.69	
9.09	49.71	
9.09	49.73	
9.10	49.75	
9.11	49.77	
9.12	49.79	
9.13	49.81	
9.13	49.83	
9.14	49.85	
9.15	49.87	
9.16	49.89	
9.17	49.91	
9.18	49.93	
9.20	1.00	
9.34	2.00	
9.41	3.00	
9.42	4.00	
9.49	5.00	
9.49	6.00	
9.50	7.00	
9.51	8.00	
9.55	9.00	
9.56	10.00	
9.57	10.10	
9.58	10.20	
9.59	10.30	
9.60	10.39	
9.60	10.49	
9.61	10.59	
9.63	10.68	
9.63	10.77	
9.64	10.87	
9.65	10.96	
9.66	11.05	
9.68	11.14	
9.68	11.23	
9.68	11.32	
9.69	11.41	
9.70	11.49	
9.71	11.58	
9.72	11.67	
9.72	11.75	
9.73	11.84	
9.74	11.92	
9.75	12.01	
9.76	12.09	
9.77	12.17	
9.77	12.26	
9.78	12.34	
9.79	12.42	
9.80	12.50	
9.81	12.58	
9.82	12.66	
9.82	12.74	
9.84	12.82	
9.84	12.89	
9.85	12.97	
9.86	13.05	
9.87	13.12	
9.87	13.20	
9.88	13.28	
9.89	13.35	
9.90	13.43	
9.91	13.50	
9.92	13.58	
9.92	13.65	
9.93	13.72	
9.94	13.80	
9.95	13.87	
9.96	13.94	
9.97	14.01	
9.97	14.08	
9.98	14.15	
9.99	14.22	
